Start
---------
0 0 0 0 1 0 0 0 1 
1 1 0 1 1 1 1 1 0 
1 0 1 1 1 1 0 1 1 
1 0 1 1 1 1 0 1 1 
0 0 1 0 0 0 1 1 1 
0 0 0 0 1 0 0 0 0 
1 0 1 0 0 1 1 1 1 
0 1 0 1 1 0 1 1 0 
1 1 1 0 1 0 1 1 0 
0 0 0 0 0 1 0 0 1 
0 1 1 0 0 1 1 1 0 
1 0 1 0 0 0 1 0 1 
1 0 0 1 1 1 1 1 1 
0 0 0 1 1 1 0 1 0 
0 0 0 1 0 0 1 1 0 
0 1 0 0 0 1 1 1 1 
0 1 1 1 0 0 1 0 1 
0 1 1 0 0 0 0 0 1 

Round 0
---------
1 1 1 1 1 0 1 1 0 
1 1 0 0 0 0 0 0 0 
1 0 0 0 0 0 0 0 0 
0 0 0 0 0 0 0 0 0 
0 1 1 0 0 0 1 0 1 
0 1 1 1 0 0 0 0 0 
0 1 1 0 0 0 0 0 1 
0 0 0 0 1 0 0 0 0 
1 1 1 0 1 0 0 0 1 
1 0 0 1 1 0 0 0 1 
1 1 1 1 1 1 0 0 1 
1 0 1 0 0 0 0 0 1 
0 1 1 0 0 0 0 0 1 
0 0 1 0 0 0 0 0 0 
0 0 1 1 0 0 0 0 0 
1 1 0 1 1 1 0 0 1 
1 0 0 1 1 1 1 0 1 
1 1 0 1 0 0 0 1 0 

Round 1
---------
1 0 1 1 0 1 0 0 0 
0 0 0 1 1 1 1 1 0 
1 1 0 0 0 0 0 0 0 
1 1 1 0 0 0 0 1 0 
1 1 0 1 0 0 0 1 0 
1 0 0 1 0 0 0 1 1 
1 1 0 0 1 0 0 0 0 
1 0 0 0 0 1 0 1 1 
1 1 1 0 1 1 0 1 0 
0 0 0 0 0 0 0 1 1 
1 0 0 0 0 1 0 1 1 
1 0 0 0 1 1 0 1 1 
1 0 1 1 0 0 0 1 0 
0 0 0 0 0 0 0 0 0 
1 0 0 0 0 1 0 0 0 
1 1 0 0 0 0 1 1 0 
0 0 0 0 0 0 1 0 1 
1 1 1 1 0 1 1 1 1 

Round 2
---------
0 1 1 1 0 1 0 1 0 
1 0 0 1 0 1 1 0 0 
1 0 0 1 1 1 0 1 1 
0 0 0 1 0 0 1 0 1 
0 0 0 1 1 0 1 1 0 
0 0 0 1 1 0 1 1 1 
1 1 1 1 1 1 1 0 0 
0 0 1 1 0 1 0 1 1 
1 1 0 1 1 1 0 0 0 
1 0 1 1 1 1 0 0 0 
0 1 0 0 1 1 0 0 0 
1 0 1 1 1 1 0 0 0 
0 1 0 1 1 1 1 1 1 
1 1 1 1 1 0 1 0 0 
1 1 0 0 0 0 1 1 0 
1 1 0 0 0 1 1 1 1 
0 0 0 1 1 0 0 0 1 
0 1 1 0 1 1 1 0 1 

Round 3
---------
1 1 1 1 0 1 0 0 0 
1 0 0 0 0 0 0 0 1 
0 1 1 1 0 0 0 0 1 
0 0 1 0 0 0 0 0 1 
0 0 1 0 0 0 0 0 0 
1 1 0 0 0 0 0 0 1 
0 1 0 0 0 0 0 0 0 
0 0 0 0 0 0 0 1 0 
1 0 0 0 0 0 0 1 1 
1 0 0 0 0 0 1 0 0 
1 0 0 0 0 0 1 0 0 
1 0 0 0 0 0 0 1 1 
0 0 0 0 0 0 0 1 0 
0 0 0 0 0 0 0 0 1 
0 0 0 1 1 0 0 0 1 
1 1 1 1 1 1 0 0 1 
1 0 0 1 0 0 0 0 1 
0 0 1 0 1 1 0 1 0 

Round 4
---------
1 1 1 0 1 0 0 0 0 
1 0 0 0 1 0 0 1 0 
1 1 1 1 0 0 0 1 1 
0 0 0 0 0 0 0 1 0 
1 0 1 1 0 0 0 1 1 
1 1 1 0 0 0 0 0 0 
1 1 1 0 0 0 0 1 1 
1 1 0 0 0 0 1 1 1 
0 1 0 0 0 0 1 1 1 
1 1 0 0 0 1 1 0 1 
1 1 0 0 0 1 1 0 1 
0 1 0 0 0 0 1 1 1 
0 0 0 0 0 0 1 1 0 
0 0 0 1 1 0 0 1 1 
1 1 0 0 0 1 0 1 1 
1 1 0 0 0 1 0 1 1 
1 0 0 0 0 0 1 1 1 
0 1 0 1 1 0 1 0 1 

Round 5
---------
1 1 0 1 0 1 0 0 0 
0 0 0 0 1 1 1 1 1 
1 1 1 1 1 0 1 1 1 
1 0 0 0 1 0 1 0 0 
1 0 1 1 0 0 1 1 1 
0 0 0 0 0 0 1 0 0 
0 0 0 1 0 0 1 0 1 
0 0 0 0 0 1 0 0 0 
0 0 1 0 0 0 0 0 0 
0 0 1 0 1 0 0 0 1 
0 0 1 0 1 0 0 0 1 
1 1 1 0 0 0 0 0 1 
0 0 1 1 1 1 0 0 0 
1 1 1 0 1 1 0 0 0 
1 1 1 1 0 1 0 0 0 
0 0 1 0 1 1 0 0 0 
1 0 1 1 1 0 0 0 0 
1 0 1 0 0 1 1 0 1 

Round 6
---------
0 0 1 0 0 1 0 1 1 
0 0 0 0 0 0 0 0 1 
1 1 1 0 0 0 0 0 1 
1 0 0 0 1 0 0 0 0 
0 1 0 1 1 0 1 0 0 
0 1 1 1 1 1 1 0 1 
0 0 0 0 1 1 1 1 0 
0 0 1 1 1 0 1 1 0 
0 1 0 1 1 1 0 0 0 
0 1 1 0 0 1 0 1 0 
1 0 1 0 0 1 0 1 1 
0 0 0 0 0 1 0 1 0 
0 0 0 0 0 1 1 0 0 
1 0 0 0 0 0 1 0 0 
1 0 0 0 0 0 1 0 0 
1 0 0 0 0 1 1 0 0 
0 0 1 0 0 0 1 1 0 
0 0 1 0 1 1 0 1 0 

Round 7
---------
0 0 0 0 0 0 1 1 1 
1 0 1 1 0 0 1 0 1 
1 1 0 1 0 0 0 1 0 
1 0 0 0 1 1 0 1 0 
1 1 0 0 0 0 1 1 0 
1 1 0 0 0 0 0 0 0 
0 1 0 0 0 0 0 0 1 
0 1 1 0 0 0 0 1 1 
1 1 0 0 0 0 0 1 1 
1 0 0 0 0 1 0 1 1 
0 0 1 1 1 1 0 1 1 
0 1 0 0 1 1 0 1 1 
0 0 0 0 1 1 0 1 0 
0 1 0 0 0 0 1 1 0 
1 1 0 0 0 0 1 1 0 
0 1 0 0 0 1 0 0 0 
0 1 0 1 1 0 0 1 1 
0 1 0 1 0 1 0 1 1 

Round 8
---------
0 1 1 1 0 1 1 0 1 
1 0 1 1 1 1 1 0 1 
1 0 0 1 0 1 0 1 1 
0 0 1 1 1 1 0 1 1 
0 0 1 0 1 1 1 1 1 
0 0 1 0 0 0 1 1 1 
0 0 0 0 0 0 0 1 1 
0 0 1 0 0 0 1 0 0 
1 0 1 0 0 0 0 0 0 
1 0 1 1 0 1 0 0 0 
1 1 1 1 0 0 0 0 0 
0 0 1 0 0 0 0 0 0 
1 1 1 1 1 0 0 0 0 
1 1 1 0 1 0 0 0 1 
1 1 1 0 0 1 0 1 1 
0 1 0 1 1 1 0 0 1 
1 1 0 1 0 1 0 1 1 
1 0 0 1 0 0 1 1 1 

Round 9
---------
1 1 0 0 0 0 1 0 0 
1 0 0 0 0 0 0 0 1 
0 0 0 0 0 0 0 0 0 
0 1 1 0 0 0 0 0 0 
0 1 1 0 0 0 0 0 0 
0 1 0 1 1 0 0 0 0 
0 1 1 1 0 1 0 0 1 
0 1 0 1 0 0 0 1 1 
0 0 1 0 1 1 1 0 0 
1 0 0 0 1 0 0 0 0 
1 0 0 0 1 0 0 0 0 
0 0 0 0 1 0 0 0 0 
1 0 0 0 1 1 0 0 0 
0 0 0 0 1 1 1 1 1 
0 0 0 0 0 1 1 1 1 
0 0 0 1 0 1 0 0 0 
1 1 0 1 0 1 0 0 0 
1 1 1 0 1 1 1 0 1 

166 microseconds occured
