Start
---------
1 1 1 1 0 0 0 0 0 0 1 0 0 0 1 1 0 1 0 1 1 
1 1 0 1 0 0 1 1 0 0 0 1 0 0 0 1 1 1 1 1 0 
0 0 0 0 0 0 0 1 1 1 0 1 1 1 0 0 0 0 0 0 0 
0 0 0 1 0 1 0 0 0 1 0 1 1 1 1 1 0 0 0 0 0 
1 0 0 1 0 1 0 0 1 0 0 1 0 1 0 0 1 1 1 1 0 
0 1 0 1 1 1 0 0 0 1 1 0 1 1 1 0 0 0 1 1 1 
1 1 1 1 1 1 0 1 0 1 0 1 1 0 0 0 1 0 1 1 0 
1 0 0 0 0 0 1 0 0 0 0 1 1 0 1 1 1 0 1 1 0 
0 0 0 0 1 1 1 0 0 1 0 0 0 0 1 1 1 1 0 1 0 
0 0 0 0 1 1 0 0 0 1 1 1 0 1 0 0 0 0 1 0 0 
0 1 0 1 1 1 0 0 0 1 1 1 0 0 0 0 0 0 1 0 0 
1 1 0 0 0 1 1 1 1 0 0 1 0 1 0 0 0 1 0 0 0 
1 0 0 1 0 0 1 1 0 0 1 0 1 1 1 1 0 0 0 1 1 
1 0 1 1 0 1 1 0 1 1 1 1 1 0 0 1 1 0 1 0 0 
1 0 0 1 0 0 1 0 1 1 0 1 1 1 1 0 0 1 0 1 1 
1 1 1 0 1 0 0 1 1 1 0 0 1 0 1 1 0 1 1 0 0 
1 1 0 1 1 0 1 1 1 0 1 0 0 0 1 1 0 0 0 1 1 
1 0 1 1 0 1 0 0 0 1 0 1 1 0 1 1 0 1 1 1 1 
0 0 0 1 1 1 1 1 0 0 1 0 1 0 1 1 0 0 1 0 1 
1 0 1 0 0 0 1 1 0 0 1 1 0 0 1 1 0 0 0 0 0 
1 0 0 0 1 0 1 0 0 0 0 1 0 1 1 0 1 0 0 1 1 
1 0 1 0 0 0 0 1 0 0 0 0 1 0 0 0 0 1 1 0 0 
0 1 0 0 1 0 0 1 0 0 0 0 0 1 1 0 0 0 1 0 1 
0 1 1 0 0 0 0 0 1 1 0 1 1 1 0 0 0 1 0 0 1 

Round 0
---------
1 0 0 1 1 0 1 1 0 0 0 1 0 0 1 1 0 1 0 1 1 
1 0 0 1 1 0 1 1 0 1 0 1 0 1 0 1 0 1 0 1 1 
1 1 1 1 1 1 0 1 0 1 0 0 0 0 0 0 0 1 1 1 0 
0 0 1 0 0 0 1 1 0 1 0 0 0 0 0 1 1 1 1 1 0 
0 1 0 1 0 1 1 0 1 0 0 0 0 0 0 0 1 1 0 0 1 
0 0 0 0 0 0 0 1 0 1 0 0 0 0 1 1 1 0 0 0 1 
1 0 0 0 0 0 0 0 1 1 0 0 0 0 0 0 1 0 0 0 0 
1 0 1 0 0 0 0 1 1 1 0 1 1 0 1 0 0 0 0 0 1 
0 0 0 1 1 0 1 1 1 1 0 0 0 0 0 0 0 0 0 1 1 
0 0 1 0 0 0 0 0 1 0 0 1 1 0 1 1 1 0 1 1 0 
1 1 1 1 0 0 0 1 0 0 0 0 0 1 1 0 0 1 1 1 0 
1 1 0 1 0 0 0 0 1 0 0 0 0 1 0 1 1 0 1 1 1 
1 0 0 1 0 0 0 0 0 0 0 0 0 0 0 1 0 1 1 1 0 
1 0 1 1 0 1 0 0 0 0 0 0 0 0 0 0 1 1 1 0 0 
1 0 0 0 0 0 1 0 0 0 0 0 0 0 0 0 0 0 0 1 0 
0 0 0 0 1 0 0 0 0 0 0 0 1 0 0 0 0 1 0 0 0 
0 0 0 0 0 0 1 0 0 0 1 0 1 0 0 0 0 0 0 0 1 
1 0 0 0 0 0 0 0 0 1 0 0 1 0 0 0 0 1 0 0 0 
1 0 0 0 0 0 0 1 1 1 0 0 1 0 0 0 0 1 1 0 1 
0 1 0 0 0 0 0 0 1 1 1 0 0 0 0 0 1 1 1 0 1 
1 0 1 1 0 1 1 0 1 0 1 1 0 1 1 0 1 1 1 1 0 
1 0 0 1 1 1 1 1 1 0 0 1 1 0 0 1 1 1 1 0 1 
1 0 0 1 0 0 1 1 0 1 1 1 0 0 1 0 1 0 1 0 0 
1 1 1 1 0 0 0 1 1 0 1 0 1 1 1 0 0 0 1 1 0 

Round 1
---------
0 1 1 1 1 0 1 1 1 0 1 0 1 1 1 1 0 0 0 1 1 
1 0 0 0 0 0 0 0 0 0 0 0 1 0 0 1 0 1 0 0 0 
1 0 0 0 0 0 0 0 0 1 0 0 1 0 1 1 0 0 0 0 0 
1 0 0 0 0 0 0 0 0 1 1 0 0 0 0 1 0 0 0 0 1 
0 0 1 0 1 1 0 0 0 1 1 0 0 0 1 0 0 0 0 0 1 
1 1 1 0 1 1 1 1 0 1 1 0 0 0 0 0 0 0 0 1 0 
0 1 0 0 0 0 1 0 0 0 0 1 1 1 1 0 1 1 0 1 1 
0 1 0 1 1 1 1 0 0 0 0 0 0 1 0 1 0 0 0 1 1 
0 1 1 1 0 1 1 0 0 0 0 0 0 0 1 0 1 1 1 0 1 
1 0 0 0 1 1 1 0 0 1 1 0 1 0 1 1 1 0 0 0 0 
1 0 0 1 1 0 0 1 1 1 0 1 0 0 0 0 0 0 0 0 0 
0 0 0 1 1 0 0 1 0 0 0 0 1 1 0 1 0 0 0 0 1 
1 0 0 1 0 0 0 0 0 0 0 0 0 0 1 1 0 0 0 0 1 
1 0 1 1 1 0 1 0 0 0 0 0 0 0 0 1 1 0 0 0 1 
0 1 1 1 1 1 0 0 0 0 0 0 0 0 0 0 1 0 0 0 0 
0 0 0 0 0 1 1 1 0 0 0 1 0 1 0 0 0 0 1 1 1 
0 0 0 0 0 1 0 0 0 1 0 0 1 1 0 0 1 1 1 0 0 
0 1 0 0 0 0 1 1 0 1 1 0 1 1 0 0 1 1 1 1 1 
1 1 0 0 0 0 0 1 0 0 0 1 0 1 0 0 0 0 0 0 0 
1 1 1 1 1 1 1 0 0 0 0 0 1 1 1 1 0 0 0 0 1 
1 0 1 1 0 0 0 0 0 0 0 0 0 1 1 0 0 0 0 0 1 
1 0 0 0 0 0 0 0 0 0 0 0 0 0 0 0 0 0 0 0 0 
1 0 0 0 0 0 0 0 0 0 0 0 0 0 1 0 1 0 0 0 1 
1 1 1 1 1 0 1 1 1 0 1 0 1 1 1 1 0 1 1 1 0 

Round 2
---------
1 1 1 1 0 1 0 1 0 1 0 1 1 1 1 1 1 0 1 0 0 
1 0 1 1 1 1 1 1 1 1 1 0 1 0 0 0 0 0 1 1 1 
1 1 0 0 0 0 0 0 1 1 1 1 0 1 1 1 0 0 0 0 0 
0 1 0 1 1 1 0 0 1 0 0 1 0 1 0 1 1 0 0 1 0 
1 0 1 0 1 0 0 1 0 0 0 1 0 0 0 1 0 0 0 1 1 
1 0 1 0 1 0 0 1 1 1 0 0 1 0 1 1 1 1 1 1 0 
0 0 0 0 0 0 0 0 1 1 1 1 1 1 1 1 1 0 0 0 0 
1 1 0 1 0 0 0 1 0 0 0 1 0 0 0 0 0 0 0 0 0 
1 1 0 0 0 0 0 1 0 1 1 1 1 0 0 0 0 1 1 0 1 
1 0 0 0 0 0 0 0 0 1 1 1 0 1 1 0 1 0 1 1 0 
0 1 1 0 0 0 0 1 0 1 0 1 0 0 0 0 1 0 0 0 0 
1 1 1 0 0 1 1 1 0 1 1 1 1 1 0 1 1 0 0 1 0 
0 1 0 0 0 1 1 1 0 0 0 0 1 1 0 0 0 0 0 1 1 
1 0 0 0 0 0 0 0 0 0 0 0 0 0 1 0 1 1 0 1 0 
1 1 0 0 0 0 0 1 0 0 0 0 1 0 1 1 1 1 1 0 1 
0 1 1 1 0 0 0 0 1 0 1 0 0 1 1 1 1 0 1 1 0 
0 0 0 0 1 1 0 0 0 1 0 0 0 0 1 1 1 0 0 0 0 
1 1 1 0 0 1 1 1 0 1 1 0 0 0 1 1 1 0 0 1 0 
0 0 0 1 1 0 0 1 1 1 1 1 0 0 0 1 1 1 1 0 1 
0 0 0 0 1 1 1 1 0 0 0 1 0 0 0 1 0 0 0 1 0 
1 0 0 0 0 1 1 0 0 0 0 0 1 0 0 1 0 0 0 1 0 
1 0 1 1 0 0 0 0 0 0 0 0 0 1 1 1 0 0 0 1 1 
1 0 1 1 1 1 1 1 1 1 0 1 1 0 1 0 1 1 1 1 0 
1 1 1 1 0 1 0 1 0 1 0 1 0 1 1 1 1 1 1 1 1 

Round 3
---------
1 0 0 0 0 1 0 1 0 1 0 1 1 1 1 1 0 1 1 0 1 
0 0 0 0 0 1 0 0 0 0 0 0 0 0 0 0 1 1 1 1 0 
1 0 0 0 0 0 0 0 0 0 0 0 0 1 0 1 1 1 1 0 1 
0 0 0 1 1 1 1 1 1 0 0 1 0 1 0 0 1 0 1 1 1 
1 0 1 0 0 0 1 1 0 1 1 1 0 1 0 0 0 0 0 0 1 
0 0 0 0 0 1 1 1 0 0 0 0 0 0 0 0 0 1 1 1 1 
1 0 1 1 1 0 1 0 0 0 0 0 0 0 0 0 0 0 1 1 0 
1 1 1 0 0 0 1 1 0 0 0 0 0 0 1 1 1 1 1 1 0 
0 0 1 0 0 0 1 0 0 1 0 0 0 1 1 1 1 1 1 0 0 
1 0 1 0 0 0 1 1 0 0 0 0 0 1 0 1 1 0 1 1 1 
0 0 1 1 0 1 0 1 0 0 0 0 0 0 0 0 1 0 1 1 1 
1 0 0 1 1 1 0 0 0 1 0 0 0 1 1 1 1 1 1 1 1 
0 0 1 0 1 1 0 1 1 1 1 0 0 0 0 0 0 1 0 1 1 
1 0 1 0 0 1 0 1 1 0 0 1 1 0 1 0 0 0 0 0 0 
1 0 0 1 0 0 0 0 1 1 0 1 0 0 0 0 0 0 0 0 1 
1 1 1 1 1 1 1 1 1 1 0 1 1 0 0 0 0 0 1 1 1 
1 0 0 0 1 1 0 1 0 0 0 1 0 0 0 0 0 0 1 1 1 
0 1 1 0 0 0 0 1 0 0 0 1 0 1 0 0 0 0 1 1 1 
1 1 1 1 0 0 0 0 0 0 0 1 1 0 0 0 0 1 1 0 1 
0 0 0 1 0 0 0 0 0 1 0 1 1 0 1 1 0 1 0 1 1 
0 1 1 1 0 0 0 1 0 0 0 1 1 1 0 1 1 0 1 1 0 
1 0 1 0 0 0 0 0 1 1 1 1 0 0 0 0 0 1 0 0 1 
1 0 0 0 0 1 0 1 0 1 0 1 0 0 0 0 0 0 0 0 0 
1 0 0 0 0 1 0 1 0 1 0 1 0 1 1 0 0 0 0 0 1 

Round 4
---------
0 0 0 0 1 0 1 0 1 0 1 0 1 1 1 1 0 0 0 0 0 
1 1 0 0 1 0 1 0 1 0 1 1 0 0 0 0 0 0 0 0 1 
0 0 0 1 0 0 0 1 1 0 0 0 1 0 1 1 0 0 0 0 1 
1 1 1 1 1 1 0 0 1 1 0 1 0 1 0 1 1 0 1 0 1 
0 1 0 1 0 0 0 0 0 1 1 1 0 0 1 0 1 0 0 0 0 
1 0 1 0 1 0 0 0 1 1 1 1 1 0 0 0 0 1 0 0 1 
1 0 1 1 1 0 0 0 1 0 0 0 0 0 1 1 0 0 0 0 0 
1 0 0 0 1 0 1 1 1 0 0 0 0 1 0 0 0 0 0 0 1 
1 0 1 1 0 1 0 0 1 0 0 0 1 1 0 0 0 0 0 0 1 
0 0 1 0 1 1 0 1 1 0 0 0 1 1 0 0 0 0 0 0 1 
1 0 1 0 0 1 0 1 1 0 0 0 1 1 0 0 0 0 0 0 0 
0 1 0 0 0 0 0 1 0 1 1 0 0 0 1 1 0 0 0 0 0 
1 0 1 0 0 0 0 1 0 0 1 1 1 0 0 0 0 1 0 0 1 
0 0 1 0 0 1 0 0 0 0 0 1 1 1 0 0 0 0 1 1 1 
1 0 0 0 0 0 0 0 0 0 0 0 0 1 0 0 0 0 1 0 1 
1 0 1 0 0 0 0 0 0 1 0 1 1 0 0 0 0 1 1 0 0 
1 0 0 0 0 0 0 0 0 1 0 1 0 1 0 0 0 1 0 0 0 
0 0 0 0 1 1 1 0 1 0 1 1 0 0 0 0 0 0 0 0 0 
1 0 0 1 1 0 0 0 1 0 0 0 0 0 1 1 1 1 0 0 0 
1 0 0 0 1 0 0 0 1 0 0 0 0 0 1 1 0 0 0 0 1 
1 1 0 1 1 0 0 0 0 0 0 0 0 1 0 1 0 0 0 0 0 
1 0 1 1 1 0 1 1 0 1 0 0 0 1 1 1 1 1 1 1 0 
1 0 0 0 1 0 0 1 0 0 0 1 0 1 1 0 0 0 0 1 1 
0 1 0 0 1 0 0 0 0 0 0 0 1 0 0 0 0 0 0 0 0 

Round 5
---------
1 1 0 1 0 0 0 0 0 0 1 0 1 1 1 0 0 0 0 0 0 
0 0 1 1 1 0 1 0 1 0 1 0 0 0 0 0 1 0 0 1 0 
0 0 0 0 0 0 1 0 0 0 0 0 1 1 1 1 1 1 0 0 1 
1 1 0 0 0 0 1 1 0 0 0 1 0 1 0 0 1 1 0 1 0 
0 0 0 0 0 1 0 1 0 0 0 0 0 1 1 0 1 0 1 1 1 
1 0 0 0 1 1 0 1 1 0 0 0 1 1 1 0 1 0 0 0 0 
1 0 1 0 1 0 1 0 0 0 1 1 1 1 1 0 1 0 0 1 1 
1 0 0 0 0 0 1 0 1 1 0 0 1 1 0 1 0 0 0 1 0 
0 0 1 0 0 0 0 0 0 1 0 1 0 0 1 0 0 0 0 1 1 
1 0 1 0 0 1 0 0 0 1 0 1 0 0 1 0 0 0 0 1 0 
0 0 1 1 1 1 0 0 0 0 1 1 1 0 0 1 0 0 0 0 0 
1 0 1 1 0 0 0 1 0 1 1 0 0 0 1 0 1 0 0 0 0 
0 0 1 1 0 0 1 0 1 1 0 0 0 0 1 1 1 0 1 0 1 
1 0 0 1 0 0 1 0 0 0 1 0 0 1 1 0 0 1 1 0 1 
0 0 1 1 0 0 0 0 0 0 1 0 0 1 1 0 0 0 0 0 1 
1 0 0 0 0 0 0 0 1 0 0 1 0 1 1 0 1 1 1 1 0 
0 1 0 1 1 1 1 1 1 1 0 0 0 0 0 0 1 1 1 0 0 
1 1 0 1 1 1 0 1 1 0 1 1 1 1 1 1 0 1 1 0 0 
0 1 0 1 0 0 1 0 1 0 1 1 0 1 1 0 1 0 0 0 0 
1 0 1 0 0 1 0 1 0 1 0 0 0 1 0 0 0 1 0 0 0 
1 0 0 0 0 0 1 1 1 1 0 0 1 1 0 0 0 1 1 1 1 
1 0 1 0 0 0 1 1 1 0 1 0 0 0 0 0 1 1 1 1 1 
1 0 1 0 1 0 1 1 1 0 1 0 0 0 0 0 1 1 0 1 1 
1 0 0 1 0 1 0 0 0 0 0 1 1 1 1 0 0 0 0 1 1 

Round 6
---------
0 1 0 1 1 1 0 1 0 1 0 1 0 1 0 1 0 0 0 0 0 
1 1 1 1 1 1 0 1 0 1 0 0 0 0 0 0 1 1 1 0 1 
1 1 1 1 1 0 1 0 1 1 1 1 1 1 1 0 0 0 0 1 1 
0 0 0 0 0 1 0 1 1 0 0 0 0 0 0 0 0 0 0 0 0 
1 1 0 0 1 1 0 0 0 0 0 1 0 0 0 0 1 0 1 1 1 
0 1 0 1 1 0 0 1 1 1 1 0 0 0 0 0 1 0 1 0 0 
1 0 0 1 1 0 1 0 0 0 1 0 0 0 0 0 1 1 1 1 1 
0 0 1 1 0 1 0 1 1 1 0 0 0 0 0 1 1 0 1 0 0 
1 0 0 1 0 1 1 1 0 1 0 1 0 0 1 1 0 0 1 1 1 
0 0 1 0 0 1 1 0 1 1 0 0 0 1 1 1 0 0 1 1 1 
1 0 0 0 0 1 1 0 1 0 0 0 1 1 1 1 1 0 0 0 0 
0 0 0 0 0 1 1 1 0 0 0 0 1 1 1 0 1 1 0 1 0 
1 0 0 0 1 1 1 0 1 0 0 1 0 0 0 0 1 0 1 0 0 
0 1 0 0 1 1 0 1 1 0 1 1 1 0 0 0 1 1 1 0 1 
1 1 1 1 1 0 0 1 0 1 1 1 0 0 0 0 1 0 0 0 1 
0 1 0 0 0 1 1 0 1 0 1 0 1 1 1 0 1 0 0 1 1 
0 1 0 1 0 0 0 0 0 0 0 0 0 0 0 0 0 0 0 0 0 
1 1 0 0 0 0 0 0 0 0 0 0 0 0 0 0 0 0 1 1 0 
0 0 0 1 0 0 0 0 0 0 0 0 0 0 0 0 1 0 1 0 0 
1 0 1 1 1 1 0 0 0 0 0 1 0 0 0 1 1 1 0 1 1 
1 0 1 1 0 1 0 0 0 0 1 1 1 1 1 0 0 0 0 0 1 
1 0 0 1 0 0 0 0 0 0 1 1 1 1 0 1 0 0 0 0 0 
1 0 1 0 1 0 0 0 1 0 1 0 1 1 1 1 1 0 0 0 0 
0 1 1 1 1 1 1 1 1 1 1 1 1 1 0 1 1 1 1 1 1 

Round 7
---------
1 1 0 0 0 1 0 0 0 0 1 0 1 0 1 0 1 1 1 1 0 
0 0 0 0 0 0 0 1 0 0 0 0 0 0 0 1 1 1 1 0 1 
1 0 0 0 0 0 0 0 0 0 1 1 1 1 0 1 1 1 1 1 1 
0 0 0 0 0 0 0 1 1 0 0 0 0 1 1 1 0 1 1 0 0 
1 1 1 1 0 1 0 0 0 0 1 0 0 0 0 1 0 0 1 1 0 
0 1 0 0 0 0 1 1 1 1 1 1 0 0 0 1 1 0 0 0 0 
0 1 0 0 0 0 1 0 0 0 1 1 0 0 0 0 0 0 0 0 0 
1 1 1 0 0 0 0 0 0 1 0 1 0 0 1 0 0 0 0 0 0 
0 1 0 1 0 0 0 0 0 0 0 0 1 1 0 0 0 0 0 0 1 
1 1 0 1 0 0 0 0 0 1 1 1 0 0 0 0 0 1 1 0 1 
0 1 0 0 1 0 0 0 1 1 0 1 0 0 0 0 0 0 0 0 1 
1 1 0 0 0 0 0 0 1 1 0 1 0 0 0 0 0 0 1 0 0 
0 1 0 1 0 0 0 0 1 1 1 0 0 0 1 0 0 0 0 0 1 
0 0 0 0 0 0 0 0 0 0 0 0 1 0 0 1 1 0 1 0 0 
1 0 0 1 0 0 0 0 0 0 0 0 0 0 1 0 1 0 1 0 1 
0 0 0 0 0 1 1 1 1 0 1 0 1 1 0 1 0 1 0 1 1 
0 1 0 0 1 1 1 1 0 1 0 1 1 1 1 1 0 1 1 0 1 
1 1 0 1 1 0 0 0 0 0 0 0 0 0 0 0 0 1 1 1 0 
1 0 0 1 0 1 0 0 0 0 0 0 0 0 0 1 1 0 0 0 1 
0 0 0 0 0 1 1 0 0 0 1 1 0 1 1 1 1 1 1 1 1 
1 0 0 0 0 1 1 0 0 1 0 0 0 0 0 0 0 1 1 1 1 
1 0 0 0 0 1 0 0 0 0 0 0 0 0 0 0 1 0 0 0 0 
1 0 0 0 0 0 1 0 1 0 0 0 0 0 0 0 0 0 1 1 1 
1 1 1 0 1 1 1 1 1 0 1 0 0 0 0 0 0 1 1 1 0 

Round 8
---------
0 0 0 0 0 0 1 0 0 0 0 1 0 1 0 0 0 0 0 1 1 
1 1 0 0 0 0 1 0 0 1 1 0 0 0 0 0 0 0 0 0 1 
0 0 0 0 0 0 1 1 1 1 0 1 1 1 0 0 0 0 0 0 1 
1 0 1 1 1 0 1 0 0 1 1 0 0 1 0 0 0 0 0 0 1 
1 1 1 0 1 0 0 0 0 0 1 1 1 1 0 0 0 0 1 1 0 
0 0 0 1 1 1 1 1 1 0 0 0 1 0 1 1 1 1 1 1 0 
0 0 0 0 0 1 1 0 0 0 0 0 1 0 1 1 1 0 0 0 0 
1 0 0 1 0 0 0 0 0 0 0 1 0 1 0 0 0 0 0 0 0 
0 0 0 1 1 0 0 0 1 1 0 0 1 1 1 0 0 1 1 1 0 
1 1 0 1 1 0 0 0 1 1 0 1 0 1 0 0 0 0 0 0 1 
0 0 0 1 0 0 0 1 0 0 0 1 1 0 0 0 0 1 1 0 0 
1 1 0 1 1 0 0 1 0 0 0 1 1 0 0 0 0 0 0 1 1 
1 1 1 0 0 0 0 1 1 0 1 1 1 1 0 1 1 1 1 1 0 
1 1 1 1 1 0 0 0 1 1 1 1 0 1 1 0 1 0 0 0 1 
0 0 0 0 1 1 1 1 1 1 0 1 1 0 1 0 0 0 1 0 1 
1 1 1 1 0 0 0 0 1 1 1 0 0 0 0 0 0 0 0 0 1 
1 1 1 1 0 0 0 0 0 1 1 1 0 0 0 1 0 0 0 0 1 
1 1 0 1 0 0 0 1 1 0 1 1 1 1 0 0 0 0 0 0 1 
1 1 1 1 0 1 1 0 0 0 1 1 1 1 0 0 0 0 0 0 1 
1 1 0 0 0 0 0 1 0 1 1 0 1 0 1 0 0 0 0 0 0 
0 1 0 0 1 0 0 1 0 0 1 1 1 1 1 0 0 0 0 0 1 
1 1 0 0 1 1 0 1 1 1 0 0 0 0 0 0 0 0 0 0 0 
1 0 1 1 1 0 0 0 1 1 0 0 0 0 0 0 1 0 0 0 1 
1 1 0 1 0 1 1 0 1 1 0 0 0 0 0 0 0 1 0 0 1 

Round 9
---------
1 1 0 0 0 1 0 1 0 1 1 0 1 0 0 0 0 0 0 1 1 
0 0 0 0 0 1 1 0 0 1 0 0 0 1 1 0 0 0 0 0 1 
1 0 1 1 1 0 1 0 0 0 0 1 1 1 1 0 0 0 0 1 1 
1 0 1 0 1 0 1 0 0 0 0 0 0 0 1 0 0 0 1 0 1 
1 0 0 0 0 0 0 0 1 0 1 0 0 0 0 1 1 0 0 0 1 
1 1 1 1 0 0 0 1 0 1 1 0 0 0 0 0 0 0 0 1 1 
0 0 1 1 0 0 0 0 1 0 0 1 1 0 0 0 0 0 1 1 0 
0 0 1 1 0 1 1 1 1 1 1 1 0 0 0 0 1 1 1 1 0 
1 1 0 0 0 1 0 1 1 1 0 1 0 0 1 0 0 0 1 1 1 
0 0 0 0 0 1 0 1 0 1 0 1 0 0 1 0 1 0 0 0 0 
0 0 0 0 0 1 1 1 0 1 0 0 0 1 0 0 0 0 1 0 1 
1 0 0 1 1 0 1 1 0 1 0 0 0 0 1 1 0 0 0 0 1 
0 0 0 0 0 1 1 1 0 0 0 0 0 0 0 1 1 1 1 0 0 
1 0 0 0 1 0 0 0 0 0 0 0 0 0 0 0 1 0 0 0 1 
0 0 0 0 0 1 1 0 0 0 0 0 1 0 1 1 0 1 0 0 1 
1 0 0 0 0 1 1 0 0 0 0 0 1 1 1 1 0 0 0 0 1 
0 0 0 0 1 0 0 1 0 0 0 0 0 1 1 0 0 0 0 1 1 
0 0 0 0 0 1 1 1 1 0 0 0 0 1 1 0 0 0 0 1 1 
0 0 0 1 1 0 1 0 0 0 0 0 0 0 1 0 0 0 0 1 0 
0 0 0 1 1 1 0 1 1 1 0 0 0 0 1 1 0 0 0 1 1 
0 0 1 1 1 1 0 1 0 0 0 0 1 0 1 1 0 0 0 0 0 
1 0 0 0 0 1 1 1 0 0 0 1 1 1 1 1 0 0 0 1 1 
0 0 0 0 0 0 0 0 0 0 1 0 0 0 0 0 0 1 0 1 0 
1 1 0 1 0 1 0 1 1 1 1 0 0 0 0 0 1 0 0 1 0 

Round 10
---------
0 0 0 0 1 1 0 0 1 1 1 1 0 1 1 0 0 0 0 1 1 
1 0 1 1 0 0 0 1 1 1 0 0 0 0 1 1 0 0 1 0 0 
0 0 1 0 1 0 1 1 0 0 1 0 1 0 0 1 0 0 1 0 1 
1 0 1 0 1 0 0 1 0 1 1 1 1 0 1 0 1 1 0 0 1 
1 0 0 0 1 1 1 1 1 0 1 1 0 0 1 1 0 1 1 0 1 
1 0 0 1 1 0 0 1 0 0 1 0 1 0 0 1 1 1 1 0 1 
1 0 0 0 0 1 0 0 0 0 0 0 1 0 0 0 1 0 0 0 0 
1 0 0 1 0 1 0 0 0 0 0 0 0 1 0 1 0 0 0 0 0 
0 1 1 1 0 1 0 0 0 0 0 1 1 1 0 0 1 0 0 0 1 
1 1 0 0 1 1 0 0 0 1 0 0 1 1 1 1 0 1 1 0 1 
0 0 0 1 0 0 0 0 0 1 0 0 1 1 0 0 1 1 0 1 0 
0 0 0 0 1 0 0 0 0 0 1 0 0 1 1 1 0 0 1 0 0 
1 1 0 1 0 0 0 1 1 0 0 0 0 0 1 0 0 1 0 1 1 
0 0 0 0 1 0 0 1 0 0 0 0 0 1 1 0 0 0 1 1 0 
1 1 0 0 1 0 1 1 0 0 0 1 1 0 0 0 0 0 0 1 1 
0 0 0 0 1 0 0 1 0 0 0 1 1 0 0 0 1 0 1 0 1 
0 0 0 0 1 0 0 0 1 0 0 0 0 0 0 0 0 0 1 0 0 
0 0 0 1 0 0 0 0 1 0 0 0 1 0 0 1 0 0 1 0 0 
0 0 1 1 0 0 0 0 0 1 0 0 0 0 0 0 0 0 1 0 0 
0 0 0 0 0 0 0 1 1 0 0 0 0 0 0 0 1 0 1 1 1 
0 1 1 0 0 0 0 0 0 1 1 1 1 0 0 0 1 0 1 0 0 
0 1 1 1 0 1 0 1 1 0 1 1 1 0 0 1 1 0 1 1 1 
1 1 1 0 1 1 0 0 0 0 1 0 1 1 1 1 1 0 0 1 0 
0 0 1 0 1 0 1 0 1 1 1 1 0 0 0 0 0 1 1 0 1 

Round 11
---------
0 1 1 1 1 0 1 1 0 0 1 0 1 1 1 1 0 0 1 1 0 
0 1 1 0 0 0 0 0 0 0 0 0 1 0 0 1 1 1 1 0 1 
1 0 1 0 1 1 1 0 0 0 0 0 1 0 0 0 0 0 1 0 0 
0 0 0 0 1 0 0 0 0 0 0 0 1 0 1 0 0 0 0 0 1 
1 0 1 0 0 0 0 0 0 0 0 0 0 0 1 0 0 0 0 0 1 
1 1 0 1 0 0 0 1 1 1 1 0 1 1 1 0 0 0 1 0 0 
1 1 1 1 0 1 1 0 0 0 0 1 1 1 1 0 0 0 1 1 0 
1 0 0 1 0 1 1 0 0 0 0 1 0 1 1 1 1 1 0 0 0 
0 0 0 1 0 1 1 0 0 0 1 1 0 0 0 0 1 1 1 1 0 
1 1 0 0 0 1 1 0 1 0 1 0 0 0 0 1 0 0 1 0 1 
1 1 1 1 0 1 0 0 1 1 1 1 0 0 0 0 0 0 0 1 1 
1 1 1 1 1 0 0 1 1 1 0 1 1 0 0 1 0 0 0 0 1 
0 0 1 1 1 1 1 1 1 1 0 0 1 0 0 0 1 1 0 0 1 
0 0 1 1 1 1 0 0 0 0 0 1 1 1 1 1 0 1 0 0 0 
0 0 0 1 1 0 1 1 1 0 1 1 0 0 1 1 0 1 0 0 1 
1 1 0 1 1 0 1 1 1 0 1 1 1 1 0 0 0 1 1 0 1 
0 0 0 1 1 1 0 1 1 1 0 1 1 1 0 1 1 0 1 0 0 
0 0 1 1 1 0 0 1 1 1 0 0 0 0 0 0 0 1 1 1 0 
0 0 1 1 1 0 0 1 0 1 0 0 0 0 0 1 1 0 1 0 1 
0 1 0 1 0 0 0 0 1 0 0 1 1 0 0 1 0 0 1 0 0 
1 1 0 1 1 0 1 0 0 0 0 0 1 1 0 0 1 0 0 0 0 
0 0 0 0 0 1 1 0 1 0 0 0 0 0 0 0 0 0 1 0 1 
1 0 0 0 0 0 0 0 0 0 0 0 0 1 1 0 0 0 0 0 0 
1 0 1 0 1 0 0 1 0 1 1 1 1 1 1 1 1 1 1 1 0 

Round 12
---------
1 1 0 1 0 1 0 0 0 0 0 1 1 1 1 1 0 0 1 1 1 
1 0 0 0 0 0 0 1 0 0 0 0 1 0 0 1 1 0 0 0 0 
0 0 1 0 1 1 0 0 0 0 0 1 1 0 1 1 1 0 1 0 1 
1 0 1 0 1 0 1 0 0 0 0 1 0 0 0 1 0 0 0 1 0 
1 0 1 1 1 0 0 1 1 1 1 1 1 0 1 1 0 0 0 1 0 
0 0 0 1 1 1 1 1 1 1 1 0 0 0 0 1 0 1 1 0 1 
0 0 0 1 0 1 0 0 1 1 0 0 0 0 0 0 1 0 1 1 0 
1 0 0 1 0 0 0 1 0 0 0 0 0 0 0 0 0 0 0 0 1 
1 1 1 0 0 0 0 0 0 1 1 1 1 1 0 0 0 0 0 1 1 
1 0 0 1 0 0 0 0 1 0 0 0 1 0 0 0 1 0 0 0 1 
0 0 0 0 0 1 0 0 0 0 0 0 1 0 1 1 1 0 1 0 1 
1 0 0 0 0 0 0 0 0 0 0 0 1 1 0 0 1 1 1 0 1 
1 0 0 0 0 0 0 0 0 1 0 0 0 0 0 0 0 1 1 1 0 
0 1 0 0 0 0 0 0 0 0 0 0 0 0 0 0 0 1 1 1 1 
1 1 0 0 0 0 0 0 1 0 0 0 0 0 0 1 0 1 0 1 0 
0 0 0 0 0 0 0 0 0 0 0 0 0 0 0 0 0 0 1 0 0 
1 1 0 0 0 0 0 0 0 0 0 0 0 1 1 0 1 0 0 0 1 
0 1 0 0 0 0 0 0 0 0 0 1 1 1 1 0 0 0 0 0 1 
0 1 0 0 0 1 1 1 0 1 1 1 1 0 1 1 1 0 0 0 0 
1 1 0 0 0 1 1 1 1 1 1 1 1 1 1 1 0 0 0 1 0 
1 1 0 1 1 0 1 0 1 1 0 1 1 1 1 1 0 1 1 1 0 
1 1 1 1 1 1 1 1 0 0 0 0 1 0 1 1 0 1 0 1 0 
0 1 0 1 1 1 1 1 1 1 1 1 0 0 0 0 1 0 0 0 1 
0 1 0 1 0 0 0 0 1 0 1 1 1 0 0 1 1 1 1 0 0 

Round 13
---------
1 1 1 0 1 0 1 0 0 0 0 1 1 1 1 1 1 1 0 1 0 
1 0 1 1 0 1 1 0 0 0 1 0 0 0 0 0 0 0 1 0 1 
1 0 0 0 1 1 1 1 0 0 1 1 1 1 1 0 0 1 0 1 0 
0 0 1 0 0 0 1 1 1 1 0 0 0 0 0 0 0 1 1 1 1 
0 0 1 0 0 0 0 0 0 0 0 0 1 1 1 1 0 1 0 1 1 
0 1 0 0 0 0 0 0 0 0 0 0 1 1 1 1 0 1 0 0 1 
0 0 1 1 0 1 0 0 0 0 1 0 0 0 0 1 1 0 1 0 1 
1 0 0 1 1 0 1 0 0 0 0 1 1 1 0 0 0 1 1 0 1 
1 0 1 1 1 0 0 1 1 1 1 1 1 1 0 0 0 0 0 1 1 
1 0 1 0 1 0 0 0 0 1 1 0 0 0 1 0 1 1 1 0 1 
1 1 0 0 1 0 0 0 0 0 0 1 1 0 1 0 0 0 1 0 1 
0 1 0 0 0 0 0 0 0 0 0 1 1 1 1 0 0 0 0 0 1 
1 1 0 0 0 0 0 0 0 0 0 0 1 1 0 0 0 0 0 0 0 
0 1 1 0 0 0 0 0 1 1 0 0 0 0 0 0 0 0 0 0 1 
1 1 1 0 0 0 0 0 0 0 0 0 0 0 0 0 1 1 0 0 1 
0 0 1 0 0 0 0 0 0 0 0 0 0 1 1 1 1 1 1 1 1 
1 1 1 0 0 0 0 0 0 0 0 1 0 0 1 1 0 1 0 1 0 
0 1 1 0 0 1 1 1 1 1 0 0 0 0 0 0 1 1 0 1 0 
0 1 1 0 1 1 0 0 0 0 0 0 0 0 0 0 1 0 0 1 1 
0 0 0 1 0 0 0 0 0 0 0 0 0 0 0 0 0 1 0 1 1 
0 0 0 0 0 0 0 0 0 0 0 0 0 0 0 0 0 1 0 1 1 
0 0 0 0 0 0 0 0 0 0 0 0 0 0 0 0 0 1 0 1 1 
0 0 0 0 0 0 0 0 0 0 0 0 0 1 1 0 0 0 0 1 0 
1 0 0 1 0 1 1 0 1 0 0 0 1 0 0 1 1 1 0 1 0 

Round 14
---------
1 0 1 0 1 0 1 1 0 0 1 1 1 1 1 1 1 1 1 1 1 
1 0 1 0 0 0 0 0 0 1 1 0 0 0 0 0 0 0 0 0 1 
0 0 1 0 1 0 0 0 0 0 1 1 1 1 0 0 1 1 0 0 0 
0 1 0 1 1 0 0 0 1 1 1 0 0 0 0 1 0 1 0 0 0 
0 1 1 1 0 0 1 1 1 1 0 1 1 0 0 1 0 1 0 0 0 
0 1 0 1 1 0 0 0 0 0 0 1 1 0 0 0 0 1 0 0 1 
1 1 1 1 0 1 1 0 0 0 0 0 0 0 0 1 0 0 1 0 1 
0 0 0 0 0 0 1 1 1 0 0 0 0 1 1 1 1 1 1 0 1 
1 0 1 0 0 0 1 1 1 0 0 0 0 0 1 1 1 0 0 0 1 
1 0 1 0 1 1 0 1 0 0 0 0 0 0 1 1 0 1 1 0 1 
1 0 1 1 0 1 0 0 0 1 0 0 0 0 1 0 1 0 1 0 1 
0 0 1 0 0 0 0 0 0 0 1 0 0 0 1 1 0 0 0 1 0 
1 0 0 0 0 0 0 0 1 1 1 1 0 0 1 0 0 0 0 1 1 
0 0 0 1 0 0 0 0 0 0 0 0 1 1 0 0 1 1 0 1 0 
1 0 0 1 0 0 0 0 1 1 0 0 0 1 1 0 0 0 0 0 1 
0 0 0 1 0 0 0 0 0 0 0 0 1 1 0 0 0 0 0 0 1 
1 0 0 1 0 1 1 1 1 1 1 0 1 1 0 0 0 0 0 0 0 
0 0 0 0 1 1 1 1 1 0 1 0 0 0 1 0 0 1 0 1 0 
1 1 0 0 1 1 0 1 1 1 0 0 0 0 0 1 1 0 0 0 0 
0 1 1 1 1 1 0 0 0 0 0 0 0 0 0 0 1 1 0 0 0 
0 0 0 0 0 0 0 0 0 0 0 0 0 0 0 0 1 1 0 0 0 
0 0 0 0 0 0 0 0 0 0 0 0 0 1 1 0 1 0 0 0 0 
0 0 0 0 1 1 1 1 0 0 0 0 1 1 1 1 0 1 0 1 0 
0 0 0 0 1 0 0 1 0 0 0 0 0 1 1 1 1 0 1 0 1 

Round 15
---------
0 0 0 1 0 1 0 0 1 1 1 1 1 1 1 1 1 1 1 1 1 
0 0 1 0 1 1 1 1 1 1 0 0 0 0 0 0 0 0 0 0 1 
1 0 1 0 1 1 0 0 1 0 0 0 1 0 1 1 1 1 1 0 0 
1 1 0 0 1 1 1 0 0 0 0 0 0 1 1 1 0 1 1 0 0 
1 1 0 0 0 1 0 1 0 0 0 0 1 1 1 0 0 1 1 0 0 
0 0 0 0 0 0 0 0 1 1 1 1 1 1 1 1 0 1 1 1 0 
1 1 0 1 0 1 1 0 1 0 0 1 1 1 0 1 0 0 1 0 1 
1 0 0 1 1 0 0 0 1 1 0 0 0 1 0 0 0 0 1 0 1 
0 0 0 1 1 0 0 0 0 1 0 0 0 0 0 0 0 0 0 0 1 
1 0 1 0 1 1 0 1 0 1 0 0 0 1 0 0 0 0 1 0 1 
0 0 1 0 0 1 1 0 1 0 1 0 0 1 0 0 1 0 1 0 1 
1 0 1 1 1 0 0 0 1 0 0 1 0 1 1 0 1 1 1 0 0 
0 1 1 1 0 0 0 0 0 1 1 1 1 0 1 0 1 1 0 1 1 
1 1 1 0 1 0 0 1 0 0 0 1 1 0 0 1 0 0 1 1 0 
0 0 1 1 1 0 0 0 0 0 0 1 0 0 1 1 1 1 1 1 1 
1 1 1 1 0 1 1 0 0 0 1 1 0 0 0 0 0 0 0 1 0 
0 0 1 1 0 0 0 0 0 0 1 0 1 0 1 0 0 0 1 1 1 
1 1 1 1 0 0 0 0 0 0 1 1 1 1 1 1 1 0 1 0 0 
1 1 0 0 0 0 0 0 0 1 1 0 0 0 1 1 0 0 1 0 0 
1 1 1 1 0 1 1 1 1 1 0 0 0 0 0 0 0 0 1 0 0 
0 1 1 1 1 1 0 0 0 0 0 0 0 1 1 0 0 0 1 0 0 
0 0 0 0 1 1 1 1 0 0 0 0 1 0 0 0 0 0 1 0 0 
0 0 0 1 1 1 1 1 1 0 0 0 1 0 0 0 0 1 1 1 1 
0 0 0 1 1 0 0 1 1 0 0 0 1 0 0 0 1 1 1 1 0 

Round 16
---------
0 0 1 1 0 1 0 0 0 0 1 1 1 1 1 1 1 1 1 1 1 
0 1 1 0 0 0 0 0 0 0 0 0 0 0 0 0 0 0 0 0 1 
1 0 1 0 0 0 0 0 1 1 0 0 0 0 0 0 0 0 1 1 0 
0 0 1 1 0 0 0 1 1 0 0 1 0 0 0 0 0 0 0 1 0 
1 1 1 0 1 1 0 1 1 1 1 0 0 0 0 0 0 0 0 0 0 
0 0 1 0 1 1 0 0 1 1 1 0 0 0 0 1 0 0 0 0 1 
1 1 1 1 0 1 0 0 0 0 0 0 0 0 0 1 1 0 0 0 1 
1 1 0 0 0 0 1 1 1 1 1 1 0 1 1 0 0 1 0 0 1 
1 1 1 0 0 0 1 1 0 1 1 0 1 1 1 0 0 1 1 0 1 
0 1 1 0 0 0 0 1 0 1 1 0 1 0 1 0 0 1 0 0 1 
1 0 1 0 0 0 1 0 1 0 1 1 0 1 0 1 1 0 1 0 0 
0 0 0 0 1 1 1 1 1 0 0 0 0 0 1 0 0 0 0 0 1 
0 0 0 0 0 1 0 1 1 1 0 0 0 0 1 0 0 0 0 0 1 
1 0 0 0 1 1 0 0 1 1 0 0 0 0 0 0 0 0 0 0 0 
0 0 0 0 0 0 1 1 0 0 0 0 0 1 1 1 1 1 0 0 1 
0 0 0 0 0 1 0 0 0 1 1 0 1 1 1 0 1 0 0 0 0 
0 0 0 0 0 1 1 0 0 1 0 0 0 0 1 0 1 1 1 0 1 
1 0 0 1 1 0 0 0 0 0 0 0 1 0 0 0 1 0 1 0 1 
0 0 0 0 1 1 1 1 0 0 0 0 1 0 0 0 1 0 1 1 0 
0 0 0 0 0 1 1 1 1 1 1 0 0 1 0 1 0 1 1 1 0 
1 0 0 0 0 0 0 0 0 1 0 0 1 1 0 0 0 1 1 1 0 
0 1 0 0 0 0 0 0 1 0 0 1 1 0 1 0 0 0 0 0 1 
0 0 1 0 0 0 0 0 0 1 0 1 1 1 0 0 1 0 0 0 1 
0 0 1 1 0 0 0 0 1 1 0 1 0 1 0 0 1 0 0 0 1 

Round 17
---------
0 1 1 1 1 0 0 0 0 0 0 1 1 1 1 1 1 1 1 1 1 
1 0 0 0 1 0 0 0 1 1 1 1 1 1 1 1 1 0 0 0 1 
0 0 0 0 0 0 0 1 1 1 1 0 0 0 0 0 0 0 1 1 1 
1 0 0 0 1 1 1 0 0 0 0 0 0 0 0 0 0 0 1 1 1 
0 0 0 0 0 1 0 0 0 0 0 1 0 0 0 0 0 0 0 1 1 
0 0 0 0 0 0 0 1 0 0 1 1 0 0 1 1 1 0 0 1 0 
1 0 0 1 0 1 0 0 0 0 0 1 1 1 0 1 1 1 0 1 1 
0 0 0 1 1 1 0 0 0 0 0 1 0 0 0 0 0 1 1 0 1 
0 0 0 1 0 1 0 0 0 0 0 0 0 0 0 1 1 1 1 0 1 
0 0 0 1 0 1 0 0 0 0 0 0 0 0 0 0 0 0 0 0 0 
0 0 1 1 1 0 0 0 0 0 1 1 1 1 0 1 1 1 0 1 1 
0 1 0 1 1 0 0 0 0 0 1 1 1 1 1 0 1 1 0 1 0 
0 0 0 1 0 0 0 0 0 0 1 0 0 1 0 1 0 0 0 1 0 
0 0 0 0 1 1 0 0 0 1 1 0 0 1 0 0 1 1 0 1 1 
0 0 0 0 1 0 1 1 0 0 1 1 1 0 0 0 1 1 0 0 0 
0 0 0 0 1 1 0 1 1 1 1 1 1 0 0 0 0 0 1 1 1 
0 0 0 1 0 1 1 0 1 1 1 1 1 0 1 0 1 0 1 0 0 
0 0 0 1 0 0 0 1 1 0 0 1 0 1 0 0 1 0 0 0 1 
0 0 0 1 0 0 0 0 0 1 1 1 1 1 1 1 1 0 0 0 1 
0 0 0 0 1 0 0 0 0 1 1 1 0 1 1 0 0 0 0 0 1 
0 1 0 0 0 1 1 0 0 0 0 0 0 0 0 1 1 1 0 0 1 
1 1 1 0 0 0 0 0 1 1 0 0 0 0 1 1 1 1 1 0 1 
0 1 1 1 0 0 0 1 0 1 0 0 0 0 1 1 0 1 0 1 1 
0 1 1 1 0 0 0 0 1 1 0 1 0 1 1 1 0 1 0 1 0 

Round 18
---------
1 1 1 1 1 1 0 0 1 1 0 0 0 0 0 0 0 1 1 1 1 
0 1 1 0 1 1 0 1 0 0 0 0 0 0 0 0 0 0 0 0 0 
1 1 0 1 1 0 1 1 0 0 0 0 1 1 1 1 1 1 1 0 0 
0 0 0 0 1 1 1 1 1 1 1 1 0 0 0 0 0 1 0 0 0 
0 0 0 0 1 1 0 1 0 0 1 1 1 0 1 1 1 1 0 0 0 
0 0 0 0 1 1 1 0 0 0 1 0 0 1 1 0 0 1 0 0 0 
0 0 1 1 0 1 1 0 0 0 0 0 0 1 0 0 0 0 0 0 1 
0 0 1 1 0 1 1 0 0 0 1 1 0 1 1 0 0 0 0 0 1 
0 0 1 1 0 1 1 0 0 0 0 0 0 0 0 0 1 0 1 0 0 
0 0 0 0 0 1 1 0 0 0 1 1 1 1 1 0 0 0 0 0 1 
0 1 0 0 0 1 0 0 0 1 1 0 0 0 0 1 0 1 0 1 1 
0 0 0 0 0 1 0 0 0 1 0 0 0 0 0 0 0 1 0 1 0 
0 0 1 1 0 1 0 0 0 0 0 0 0 0 0 1 0 0 0 1 0 
0 0 0 1 1 1 1 1 1 1 0 0 0 1 1 1 0 1 0 1 1 
0 0 0 1 0 0 0 1 0 0 0 0 0 1 0 1 1 0 0 0 0 
0 0 0 1 0 0 0 0 0 0 0 0 0 0 0 1 1 0 1 1 0 
0 0 1 1 0 1 0 0 0 0 0 0 0 0 0 1 0 0 1 0 1 
0 0 1 1 0 1 1 1 0 0 0 0 0 0 0 0 1 0 0 1 0 
0 0 1 1 1 0 0 1 0 0 0 0 0 0 0 0 1 1 0 1 1 
0 0 1 1 1 1 1 0 1 1 0 0 0 0 0 0 0 1 0 1 1 
1 1 1 1 1 1 0 1 1 0 0 1 1 1 0 0 0 0 1 0 1 
1 0 0 1 1 1 1 1 1 1 1 0 0 1 0 0 0 0 0 0 1 
0 0 0 0 1 0 0 1 0 0 0 0 1 0 0 0 0 0 0 0 1 
1 1 0 1 1 0 0 1 1 1 1 0 1 1 0 1 0 0 0 1 1 

Round 19
---------
1 0 0 0 0 1 1 1 1 0 0 0 0 0 0 0 0 0 1 1 0 
0 0 0 0 0 0 0 1 0 1 0 0 1 1 1 1 0 0 0 0 1 
1 1 0 0 0 0 0 0 0 1 1 1 1 1 1 1 1 1 1 0 0 
1 1 1 0 0 0 0 0 0 1 0 0 0 0 0 0 0 0 0 0 0 
0 0 0 1 0 0 0 0 0 0 0 0 1 0 1 1 0 1 1 0 0 
0 0 1 0 0 0 0 1 0 1 1 0 0 0 0 0 0 1 1 0 0 
0 1 1 0 0 0 0 1 0 1 1 1 0 0 0 1 0 0 0 1 0 
0 1 0 0 0 0 0 1 0 0 0 0 1 1 1 1 0 1 0 1 0 
0 1 1 1 0 0 0 1 0 1 0 0 0 0 0 1 0 1 0 1 1 
0 1 1 1 0 0 0 1 0 1 1 1 1 1 1 1 1 1 1 0 1 
0 0 0 0 1 1 0 0 1 1 0 0 1 1 1 0 1 0 0 1 1 
0 1 1 1 0 1 1 0 1 1 1 0 0 0 1 1 0 0 0 1 0 
0 0 1 1 0 0 0 1 0 1 1 0 0 1 0 1 0 1 0 1 0 
0 0 0 0 0 1 0 1 1 0 0 0 1 1 0 0 0 0 1 1 1 
0 0 1 1 0 1 0 1 0 1 0 0 1 1 0 0 0 0 0 0 1 
0 0 0 1 0 0 1 0 0 0 0 0 0 0 0 0 0 0 1 1 1 
0 1 0 0 0 1 0 1 0 0 0 0 0 0 1 1 0 0 1 0 1 
0 1 0 0 0 1 0 1 1 0 0 0 0 0 0 1 1 0 0 0 0 
0 1 0 0 0 0 0 0 0 1 0 0 0 0 0 1 1 1 0 0 0 
1 0 0 0 0 0 0 0 0 1 1 1 1 1 0 0 1 1 0 0 0 
1 0 0 0 0 0 0 0 0 0 0 1 1 1 1 0 0 1 1 0 1 
1 0 0 0 0 0 0 0 0 1 1 0 0 1 1 0 0 0 0 0 1 
1 1 1 0 0 0 0 0 0 0 0 0 1 0 1 0 0 0 0 0 1 
0 0 1 1 1 1 1 1 1 1 0 1 1 1 1 0 0 0 0 1 1 

Round 20
---------
0 0 0 0 0 0 1 1 1 1 0 0 1 1 1 1 0 0 0 1 1 
1 1 0 0 0 1 0 1 0 1 0 0 0 0 0 0 0 0 0 0 0 
1 0 1 0 0 0 0 0 0 1 0 1 0 0 0 0 1 1 0 1 0 
1 0 1 1 0 0 0 0 1 1 0 0 0 0 0 0 0 0 0 1 0 
1 0 0 1 0 0 0 0 1 1 1 1 0 1 0 0 1 1 1 1 0 
0 1 1 1 0 0 1 0 0 1 0 0 1 1 1 1 0 1 0 1 0 
1 1 1 1 0 0 1 1 0 1 0 1 1 1 0 1 0 1 0 1 1 
1 0 0 1 0 0 1 1 0 1 0 1 1 1 0 1 0 0 0 1 0 
1 0 0 1 1 0 1 1 0 1 0 0 0 0 0 0 0 0 0 0 1 
1 1 0 0 0 1 1 1 0 0 0 1 0 0 0 0 0 0 0 0 0 
1 0 0 0 0 1 0 0 0 0 0 0 0 0 0 0 0 0 0 0 1 
0 1 0 0 0 1 1 0 0 0 0 1 1 0 0 0 0 1 0 1 0 
0 1 0 1 0 1 0 0 0 0 1 1 1 1 0 1 1 0 0 0 0 
0 1 0 0 0 0 0 1 0 0 1 1 0 0 0 0 1 1 1 0 1 
0 0 1 1 0 1 0 1 0 0 0 1 1 1 1 0 0 1 0 0 0 
0 1 0 1 0 1 0 1 1 0 0 0 1 1 1 1 0 1 1 0 1 
1 0 1 0 1 1 0 1 1 0 0 0 0 0 1 1 1 1 1 0 1 
1 1 1 0 1 0 0 1 1 1 0 0 0 0 0 0 0 0 1 1 0 
1 1 1 0 0 0 1 1 0 1 0 1 1 1 1 0 0 0 1 0 0 
1 1 0 0 0 0 0 0 1 1 0 0 0 0 0 0 0 0 0 1 0 
1 1 0 0 0 0 0 0 1 0 0 0 0 0 0 1 1 1 1 1 0 
1 0 1 0 0 0 0 0 0 0 1 0 0 0 0 1 0 1 1 0 1 
1 0 1 0 1 1 1 1 0 0 0 0 0 0 0 1 0 0 0 0 1 
1 0 1 1 1 1 1 1 1 0 1 1 1 0 1 1 0 0 0 1 1 

Round 21
---------
1 1 0 0 0 1 1 1 0 1 1 0 0 1 1 0 0 0 0 0 0 
1 1 1 0 0 0 0 1 0 1 0 1 1 1 1 1 1 1 1 1 1 
1 0 1 1 1 0 1 1 0 1 0 0 0 0 0 0 0 0 1 0 1 
1 0 1 1 1 0 0 1 0 0 0 1 1 0 0 1 0 0 0 1 1 
1 0 0 0 1 0 0 1 0 0 0 1 0 1 0 1 1 1 0 1 1 
0 0 0 0 1 1 1 0 0 0 0 0 0 0 0 1 0 0 0 0 0 
1 0 0 0 1 1 0 0 0 1 0 0 0 0 0 1 0 0 0 1 1 
1 0 0 0 0 0 0 0 0 1 0 1 0 1 0 0 1 0 1 1 0 
1 0 1 1 1 0 0 0 0 0 0 1 0 1 1 0 0 0 0 1 0 
1 1 1 1 0 0 0 1 1 0 1 0 0 0 0 0 0 0 0 1 1 
1 0 1 0 1 0 0 1 0 0 1 1 1 0 0 0 0 0 1 1 0 
1 1 1 0 0 1 1 0 0 0 1 0 0 1 1 1 1 0 1 0 1 
1 1 0 0 1 1 0 1 0 1 0 0 0 1 1 1 0 0 0 1 1 
1 1 0 1 0 1 0 0 1 1 0 0 0 0 0 0 0 0 1 1 0 
1 1 0 1 0 0 0 1 0 1 1 0 0 0 0 0 0 0 0 0 1 
1 1 0 0 0 1 0 0 0 1 0 1 0 0 0 0 0 0 0 0 0 
1 0 0 0 0 1 0 0 0 0 0 0 1 0 0 0 0 0 0 0 1 
0 0 0 0 1 0 0 0 0 1 1 1 1 0 0 0 1 0 0 0 1 
0 0 0 1 0 1 1 0 0 0 0 0 1 1 0 0 0 1 1 0 1 
0 0 0 0 0 0 1 0 0 1 1 1 1 1 1 1 1 0 0 1 1 
0 0 1 0 0 0 0 1 1 0 1 0 0 0 1 1 0 0 0 0 1 
1 0 1 1 1 1 1 1 1 1 0 0 0 0 1 1 0 0 0 0 1 
1 0 1 0 0 0 0 0 1 1 1 0 1 1 0 1 0 1 1 0 1 
0 0 1 0 0 0 0 0 1 1 0 1 0 1 1 1 1 0 0 1 1 

Round 22
---------
1 0 1 0 0 0 1 1 0 1 1 1 0 0 0 0 1 1 1 1 1 
0 0 0 0 1 0 0 0 0 1 0 1 1 0 0 1 1 1 1 0 1 
1 0 0 0 1 1 1 1 0 0 0 0 0 0 0 0 0 0 0 0 0 
1 0 1 0 0 0 0 1 0 0 1 1 1 1 1 1 0 1 0 0 0 
0 1 1 0 0 0 0 1 1 0 1 1 0 0 0 1 0 0 1 1 1 
1 1 0 1 0 0 1 1 1 0 1 0 1 0 0 1 0 1 1 0 0 
0 1 0 1 1 0 1 0 1 0 1 0 1 0 1 1 1 1 1 1 1 
1 0 1 0 0 1 0 0 1 0 0 0 0 1 0 1 0 1 1 0 0 
1 0 0 0 1 0 0 1 1 1 0 1 0 1 1 1 0 1 0 0 0 
1 0 0 0 0 1 1 1 1 1 1 0 0 1 1 0 0 0 0 0 1 
0 0 0 0 1 1 0 1 1 0 1 0 1 1 1 1 1 1 1 0 0 
0 0 1 0 0 0 0 1 1 1 1 0 0 0 0 0 1 1 1 0 1 
0 0 0 1 0 0 0 1 0 1 1 0 1 1 0 0 1 1 0 0 1 
0 0 0 1 0 1 0 1 0 0 0 0 0 1 1 1 0 0 1 0 0 
0 0 0 0 0 1 1 0 0 0 0 1 0 0 0 0 0 0 1 1 0 
0 0 1 0 1 0 1 0 1 1 0 1 1 0 0 0 0 0 0 1 1 
1 1 0 0 1 1 1 0 1 1 0 0 1 1 0 0 0 0 0 1 0 
0 0 0 1 1 0 1 0 0 0 1 0 0 0 0 0 0 1 1 0 1 
0 0 0 0 1 1 1 1 1 0 0 0 0 0 0 0 0 1 1 0 1 
0 0 1 1 1 1 1 0 1 1 1 0 0 0 0 0 1 1 1 0 1 
0 1 1 0 1 0 0 0 0 0 0 0 1 0 0 0 0 0 0 0 1 
0 0 1 0 1 1 1 0 0 0 0 1 1 0 0 0 0 1 1 0 1 
0 0 1 0 1 1 1 0 0 0 0 1 1 0 0 0 0 1 1 0 1 
0 1 0 1 0 0 0 1 1 0 0 1 0 1 0 1 1 1 1 1 1 

Round 23
---------
0 1 0 1 0 1 0 0 1 1 0 1 1 0 0 1 0 0 0 0 1 
1 1 0 1 1 0 0 0 0 1 0 1 1 0 0 1 0 0 0 0 1 
0 1 0 1 1 1 1 1 1 1 0 0 0 0 0 0 0 0 1 1 0 
1 0 1 1 1 1 0 0 0 1 1 0 1 1 1 1 1 0 1 1 1 
0 0 0 1 0 0 0 0 0 0 0 0 0 0 0 1 0 0 0 1 0 
1 0 0 1 1 1 1 0 0 0 1 0 1 1 0 0 0 0 0 0 0 
0 0 0 1 1 0 1 0 1 0 0 0 1 0 0 0 0 0 0 0 0 
1 0 1 0 0 1 1 0 0 0 1 1 0 0 0 0 0 0 0 0 1 
1 0 0 1 1 0 0 0 0 0 0 0 0 0 0 1 0 1 1 1 0 
0 1 0 1 0 0 0 0 0 0 0 0 0 0 0 0 0 0 1 1 0 
0 1 0 1 1 1 0 0 0 0 0 0 1 0 0 0 0 0 1 0 1 
0 0 0 1 1 1 0 0 0 0 0 0 0 0 0 0 0 0 0 0 0 
0 0 1 1 1 0 0 1 0 0 1 1 1 1 0 0 0 0 0 0 0 
0 0 1 0 0 1 0 1 1 1 1 1 0 1 1 1 1 0 1 0 1 
0 0 1 1 0 0 0 0 1 1 1 1 0 1 1 1 0 1 1 0 1 
1 1 0 1 1 0 0 0 1 1 0 1 0 1 0 0 0 0 0 0 1 
0 1 1 0 0 0 1 0 1 0 0 0 1 1 0 0 0 1 0 0 0 
1 1 1 1 0 0 0 0 0 0 0 1 1 1 0 0 1 1 0 0 1 
0 0 1 0 0 0 0 0 1 0 1 1 0 0 0 0 0 0 0 0 1 
0 1 1 0 0 0 0 0 1 1 0 1 0 0 0 0 1 0 1 0 1 
0 1 0 0 0 0 0 1 1 1 1 0 1 1 0 0 1 0 0 0 1 
0 0 1 0 0 0 1 1 0 0 1 0 0 1 0 0 1 1 1 0 1 
0 1 1 0 0 0 0 0 1 0 1 0 0 1 1 1 0 0 0 0 1 
0 0 1 1 1 1 1 1 0 0 1 1 0 0 1 0 1 0 0 0 1 

Round 24
---------
1 1 0 1 0 0 0 0 1 1 0 1 1 1 1 0 1 0 0 1 0 
1 1 0 0 0 0 0 0 0 0 0 1 1 1 1 0 1 0 1 0 1 
0 0 0 0 0 0 1 1 0 0 0 0 0 0 0 0 1 1 1 0 0 
0 1 0 0 0 0 0 1 0 1 1 1 0 1 1 1 1 1 0 0 1 
1 1 0 0 0 0 1 0 0 1 1 0 0 0 0 1 1 1 1 1 1 
0 0 1 0 0 0 1 1 0 1 0 1 1 1 1 0 0 0 0 0 0 
1 1 1 0 0 0 0 0 0 1 1 0 1 1 0 0 0 0 0 0 0 
0 1 1 0 0 0 1 1 0 1 0 1 1 0 0 0 1 1 1 1 0 
1 0 0 1 1 1 1 0 0 0 1 1 0 0 0 0 1 1 0 0 1 
1 1 0 0 0 1 0 0 0 0 0 0 0 0 0 0 1 0 0 0 1 
1 0 0 0 0 1 1 0 0 0 0 0 0 0 0 0 0 1 1 0 0 
0 1 0 0 0 0 1 0 0 0 1 0 0 1 0 0 0 0 0 1 0 
0 1 1 0 0 0 0 1 0 0 0 0 0 1 0 1 1 1 0 1 0 
0 1 0 0 0 0 1 1 0 0 0 0 0 0 0 0 1 0 1 0 0 
1 0 0 0 0 1 1 0 0 0 0 0 0 0 0 0 0 1 1 0 1 
1 0 0 0 1 1 0 0 0 0 0 1 0 0 0 1 1 1 1 1 0 
0 0 0 0 1 1 0 1 1 1 1 0 0 0 1 0 1 1 1 1 1 
1 0 0 1 0 0 0 1 1 1 1 0 0 1 1 0 1 1 1 1 0 
1 0 0 0 0 0 0 1 1 0 0 0 0 1 0 1 1 0 1 0 1 
1 1 1 1 0 0 0 0 0 0 0 0 0 1 0 1 0 1 0 0 1 
1 1 0 1 0 0 1 0 0 0 0 0 1 1 1 1 1 0 1 0 1 
1 0 1 1 0 0 1 0 0 0 1 0 0 0 0 0 1 1 0 0 1 
0 1 0 0 1 0 0 0 1 0 1 0 1 1 0 0 0 0 1 0 1 
0 1 1 1 1 1 1 1 1 1 1 1 1 1 1 0 0 0 0 1 0 

Round 25
---------
1 1 1 0 0 0 0 0 0 0 1 1 0 0 1 0 0 1 1 1 1 
1 1 1 0 0 0 1 1 1 1 1 1 0 0 1 0 1 0 1 0 0 
1 1 1 0 0 0 1 1 1 1 0 0 0 0 0 0 0 0 1 0 1 
1 1 1 0 0 1 0 1 0 1 0 1 1 0 1 0 0 0 0 0 1 
1 1 1 0 0 1 1 0 0 0 0 0 0 0 0 0 0 0 1 1 1 
0 0 1 1 0 1 1 1 0 0 0 0 0 0 1 1 1 1 1 1 1 
1 0 0 1 0 1 0 0 0 1 0 0 0 0 1 1 1 1 1 1 0 
0 0 0 0 1 0 1 1 1 1 0 0 0 1 0 1 1 0 1 1 1 
1 0 0 1 1 0 0 1 1 1 1 1 1 0 0 1 0 0 0 0 1 
1 1 1 1 0 0 0 1 0 0 1 1 0 0 0 1 1 0 1 1 0 
1 0 1 0 1 1 1 1 0 0 0 0 0 0 0 0 1 1 1 1 1 
1 1 1 0 0 1 1 1 0 0 0 0 1 0 1 1 0 0 0 1 1 
1 1 1 0 0 1 0 1 1 0 0 0 1 0 1 1 1 1 0 1 1 
1 1 1 0 0 1 0 1 1 0 0 0 0 0 1 1 0 0 0 0 1 
1 1 0 0 1 0 0 1 0 0 0 0 0 0 0 1 0 0 0 0 0 
0 1 0 1 0 0 0 1 1 1 1 0 0 0 1 1 0 0 0 0 0 
1 1 0 1 0 1 0 1 0 0 0 1 1 1 1 0 0 0 0 0 1 
0 1 0 0 1 1 0 0 0 0 1 1 1 1 0 0 0 0 0 0 0 
1 0 0 1 1 0 1 1 0 0 1 0 1 1 0 0 0 0 0 0 1 
0 0 0 1 1 0 1 1 1 0 0 0 0 0 0 0 0 0 1 0 1 
0 0 0 0 1 1 0 1 0 0 0 1 1 1 0 0 0 0 1 0 1 
1 0 0 1 1 1 0 1 0 1 0 0 0 0 0 0 1 0 1 0 1 
1 0 0 0 0 0 0 0 1 0 0 0 0 0 1 1 1 1 1 0 1 
1 1 1 1 1 1 1 1 1 0 1 0 0 0 1 0 0 0 1 1 1 

Round 26
---------
1 0 1 1 0 0 1 1 1 0 0 1 1 1 0 1 1 1 1 1 0 
0 0 0 1 0 1 1 0 0 0 0 1 1 1 0 1 0 0 0 0 1 
0 0 0 1 0 1 0 0 0 0 0 0 1 1 1 1 0 1 0 0 0 
0 0 0 1 1 1 0 0 0 1 1 0 0 1 0 0 0 1 1 0 1 
1 0 0 0 0 0 0 0 1 0 1 1 1 1 1 0 1 0 0 0 0 
1 0 0 1 0 0 0 1 1 0 0 0 0 1 1 0 0 0 0 0 0 
0 1 1 1 0 0 0 0 0 1 1 0 0 1 0 0 0 0 0 0 0 
1 1 1 0 0 0 1 0 0 0 0 1 1 1 0 0 0 0 0 0 1 
1 0 0 0 1 1 0 0 0 0 0 0 1 1 0 0 0 0 0 0 1 
1 0 0 0 0 0 0 0 0 0 0 0 1 0 1 1 0 0 0 0 0 
0 0 0 0 1 0 0 0 1 0 1 1 1 1 1 0 0 0 0 0 0 
0 0 0 0 0 0 0 0 0 0 0 1 0 0 1 0 0 0 0 0 0 
0 0 0 1 1 1 0 0 0 1 0 1 0 0 0 0 0 0 1 0 0 
0 0 0 1 1 1 0 0 0 1 0 0 0 1 0 0 0 1 1 1 1 
0 0 0 1 1 1 0 0 0 0 1 0 0 1 0 0 1 0 0 0 0 
0 0 0 1 0 1 0 1 0 1 1 1 1 0 0 1 1 0 0 0 0 
1 1 0 1 0 1 0 1 0 0 0 0 0 0 0 1 0 0 0 0 0 
0 1 0 0 0 0 0 1 1 1 1 0 0 0 0 0 0 0 0 1 1 
0 1 1 0 0 0 0 0 1 1 1 0 0 1 1 0 0 0 0 1 0 
0 0 1 0 0 0 0 0 1 1 1 0 0 0 1 0 0 1 0 0 1 
0 0 1 0 0 0 0 0 0 1 1 0 1 0 0 0 0 0 1 0 1 
0 1 0 1 0 1 0 1 0 0 1 1 1 1 1 0 1 0 1 0 1 
1 0 0 0 0 0 0 0 0 0 1 0 0 1 1 0 1 0 0 0 1 
1 1 1 1 1 1 1 1 1 1 0 0 0 1 1 0 1 0 1 0 1 

Round 27
---------
0 1 1 1 1 1 1 1 0 0 1 1 0 1 0 1 1 1 1 1 1 
0 1 0 1 0 1 0 0 1 0 1 0 0 0 0 0 0 0 0 1 0 
0 0 1 1 0 0 0 0 0 1 1 0 0 0 0 1 0 1 1 1 1 
0 0 1 1 0 1 1 0 1 1 1 0 0 0 0 0 0 1 1 1 0 
0 1 1 1 0 1 1 1 1 0 1 1 0 0 0 1 0 1 1 1 0 
1 0 0 1 1 0 0 1 1 0 0 0 0 0 0 1 0 0 0 0 0 
0 0 0 1 1 0 1 1 1 1 1 1 0 0 0 0 0 0 0 0 0 
1 0 0 0 1 1 0 0 0 1 1 1 0 0 1 0 0 0 0 1 0 
1 0 1 1 0 1 1 0 0 0 0 0 0 0 0 1 0 0 0 1 0 
0 1 0 1 1 1 0 0 0 1 1 0 0 0 0 1 0 0 0 0 0 
0 0 0 0 0 0 0 0 0 1 1 0 0 0 0 0 0 0 0 0 0 
0 0 0 1 0 1 0 0 1 1 0 0 0 0 1 1 0 0 0 0 0 
0 0 1 1 0 1 1 0 1 0 0 0 1 1 1 0 0 1 1 0 1 
0 0 1 0 0 0 1 0 1 1 0 1 1 0 1 0 1 1 1 1 0 
0 0 1 0 0 0 0 0 1 0 0 0 0 1 1 1 1 0 1 1 1 
1 1 0 1 0 1 0 0 1 1 1 1 1 1 1 1 1 1 0 0 0 
1 1 0 0 0 0 0 1 0 0 0 0 1 0 1 1 1 0 0 1 1 
0 0 0 1 1 0 1 1 0 0 1 1 0 1 1 1 0 0 1 1 1 
1 1 1 1 0 0 0 0 0 0 0 1 0 1 1 1 0 0 1 1 0 
0 0 1 1 0 0 0 1 0 0 0 0 1 0 1 1 0 0 1 0 1 
0 1 1 1 1 0 1 1 0 0 0 0 1 0 1 1 1 0 1 0 1 
1 1 1 0 1 0 1 0 1 0 0 0 0 0 1 0 0 0 0 0 1 
1 0 0 0 0 0 0 0 0 0 1 0 0 0 0 0 1 0 1 0 1 
1 1 1 1 1 1 1 1 1 1 1 0 1 1 1 0 0 1 0 1 0 

Round 28
---------
1 1 0 1 0 1 1 1 1 1 1 1 1 0 1 0 1 1 1 1 1 
1 1 0 0 0 1 0 1 1 0 0 0 1 0 1 1 0 0 0 0 0 
0 1 0 0 0 1 1 1 0 0 0 1 0 0 0 0 1 1 0 0 1 
0 0 0 0 0 1 0 0 0 0 0 0 0 0 1 1 0 0 0 0 0 
1 1 0 0 0 0 0 0 0 0 1 1 0 0 1 0 0 1 0 1 1 
0 1 0 0 0 0 0 0 0 0 0 0 1 0 1 0 1 1 1 1 0 
1 1 1 0 0 0 1 0 0 0 0 1 1 0 1 1 0 0 0 0 0 
0 1 1 0 0 0 0 0 0 0 0 1 1 0 0 1 0 0 1 0 1 
1 0 1 0 0 0 1 0 1 0 0 1 0 0 1 1 1 0 1 0 1 
1 1 0 1 0 1 1 0 1 1 1 1 0 0 1 0 1 0 0 0 0 
0 0 1 1 0 1 1 0 0 0 0 1 0 0 1 1 1 0 0 0 0 
0 0 1 1 0 1 1 1 1 0 1 1 1 0 1 1 1 1 1 1 0 
0 1 1 1 0 1 1 0 0 0 1 1 1 0 0 0 0 0 0 0 0 
0 1 1 0 1 1 1 0 1 1 1 1 0 0 0 0 0 0 0 0 0 
1 0 1 1 1 1 1 0 0 0 0 0 0 0 0 0 0 0 0 0 1 
1 0 0 0 1 0 1 1 1 1 1 1 0 0 0 0 0 0 0 0 0 
1 1 0 1 0 1 0 1 0 0 0 0 0 0 0 0 0 0 0 0 1 
0 0 0 1 1 1 1 1 1 0 1 1 0 0 0 0 0 1 0 0 0 
0 1 0 0 0 1 1 1 1 0 1 1 0 0 0 0 1 1 0 0 0 
1 0 0 0 0 1 1 1 1 0 0 1 1 0 0 0 0 0 1 0 1 
1 0 0 0 1 0 1 0 1 0 0 1 0 0 0 0 1 1 0 0 1 
1 0 0 0 1 0 1 0 0 1 0 1 0 1 1 0 1 0 1 0 1 
0 0 0 0 0 0 0 0 0 0 1 1 1 0 1 1 0 1 1 0 1 
1 1 1 1 1 1 1 1 1 1 1 1 0 1 0 1 1 1 1 1 1 

Round 29
---------
1 1 1 0 1 1 0 0 0 1 1 1 1 0 1 0 1 1 1 1 0 
0 0 0 0 0 0 0 0 0 0 0 0 1 0 1 0 0 0 0 0 1 
1 1 1 0 1 1 0 1 1 0 0 0 1 1 0 0 1 0 0 0 0 
1 1 1 0 1 1 0 1 0 0 1 1 1 1 1 1 0 1 1 1 1 
1 1 1 0 0 0 0 0 0 0 0 1 1 0 1 0 0 1 0 1 1 
0 0 0 0 0 0 0 0 0 0 1 0 1 0 1 0 1 1 0 1 1 
1 0 0 1 0 0 0 0 0 0 1 0 0 0 1 0 0 0 0 0 1 
0 0 0 1 0 1 1 1 0 0 1 0 0 0 0 0 0 1 0 0 0 
1 0 0 1 1 1 1 0 1 0 0 0 0 1 1 0 1 0 0 0 0 
1 0 0 1 0 0 0 0 1 1 0 1 1 1 0 0 0 0 0 1 0 
1 0 0 0 0 0 0 0 0 0 0 0 0 0 0 0 0 0 1 1 0 
0 0 0 0 0 0 0 0 0 1 0 0 0 0 1 0 0 1 1 0 0 
1 0 0 0 0 0 0 0 0 0 0 0 0 1 1 1 1 1 1 1 0 
1 0 0 0 0 0 0 0 0 1 0 0 1 0 0 0 0 0 0 0 0 
1 0 1 0 0 0 0 0 0 0 0 0 1 0 0 0 0 0 0 0 0 
1 0 0 0 0 0 0 0 1 1 1 0 0 0 0 0 0 0 0 1 1 
1 1 1 1 0 0 0 0 0 0 0 0 1 0 0 0 0 0 0 0 0 
1 1 0 1 0 0 0 0 0 0 1 1 1 0 0 0 1 1 1 0 0 
1 0 1 1 0 0 0 0 0 0 0 0 0 0 0 0 1 1 1 1 0 
1 1 0 0 1 0 0 0 0 0 0 0 1 0 0 1 0 0 1 1 0 
1 1 0 1 1 0 0 0 1 1 0 1 0 1 1 1 1 0 1 0 1 
0 1 0 1 0 0 0 1 1 1 0 0 0 1 1 0 0 0 1 0 1 
1 0 1 0 0 0 0 0 0 0 0 0 0 0 0 0 0 0 0 0 1 
0 1 1 1 1 1 1 1 1 1 0 0 0 1 0 1 0 0 0 0 1 

1697 microseconds occured
