Size: 10, 
	Serial: (6.6, [6, 6, 7, 7, 7])
	4 thread(s): (253.4, [241, 250, 255, 260, 261])
Size: 30, 
	Serial: (6.0, [6, 6, 6, 6, 6], [6, 6, 6, 6, 6, 6, 6, 6, 7, 7])
	4 thread(s): (251.8, [229, 254, 254, 256, 266])
Size: 50, 
	Serial: (667.6, [667, 667, 668, 668, 668])
	4 thread(s): (509.0, [497, 504, 511, 514, 519])
Size: 75, 
	Serial: (664.4, [663, 663, 664, 664, 668])
	4 thread(s): (498.8, [486, 493, 500, 504, 511])
Size: 100, 
	Serial: (5079.6, [5073, 5075, 5076, 5086, 5088])
	4 thread(s): (2097.6, [2081, 2090, 2095, 2110, 2112])
	8 thread(s): (1665.2, [1642, 1657, 1670, 1675, 1682])
Size: 300, 
	Serial: (136315.6, [136141, 136320, 136344, 136382, 136391])
	4 thread(s): (47586.2, [47544, 47570, 47592, 47611, 47614])
	8 thread(s): (25344.2, [25222, 25242, 25312, 25403, 25542])
Size: 500, 
	Serial: (628715.0, [628506, 628601, 628747, 628748, 628973])
	4 thread(s): (215236.6, [215092, 215214, 215252, 215275, 215350])
	8 thread(s): (137280.8, [137249, 137259, 137268, 137298, 137330])
Size: 750, 
	Serial: (2098148.0, [2097161, 2097528, 2098016, 2098926, 2099109])
	4 thread(s): (719225.8, [717861, 719263, 719411, 719796, 719798])
	8 thread(s): (450194.6, [448772, 449330, 449779, 451424, 451668])
Size: 1000, 
	Serial: (4951027.6, [4949586, 4949706, 4950652, 4951975, 4953219])
	4 thread(s): (1705210.8, [1703853, 1704124, 1705083, 1705683, 1707311])
	8 thread(s): (864214.2, [860257, 861983, 862253, 866971, 869607])
	16 thread(s): (557643.2, [552077, 554440, 559093, 560775, 561831])
	24 thread(s): (457701.0, [409024, 428039, 432904, 489184, 529354])
