Size: 10, 
	Serial: (6.6, [6, 6, 7, 7, 7], [6, 6, 7, 7, 7, 7, 7, 7, 7, 7])
	4 thread(s): (253.4, [241, 250, 255, 260, 261], [241, 250, 255, 260, 261, 262, 263, 264, 264, 265])
Size: 30, 
	Serial: (6.0, [6, 6, 6, 6, 6], [6, 6, 6, 6, 6, 6, 6, 6, 7, 7])
	4 thread(s): (251.8, [229, 254, 254, 256, 266], [229, 254, 254, 256, 266, 266, 269, 271, 272, 274])
Size: 50, 
	Serial: (667.6, [667, 667, 668, 668, 668], [667, 667, 668, 668, 668, 669, 670, 672, 673, 673])
	4 thread(s): (509.0, [497, 504, 511, 514, 519], [497, 504, 511, 514, 519, 520, 525, 530, 534, 546])
Size: 75, 
	Serial: (664.4, [663, 663, 664, 664, 668], [663, 663, 664, 664, 668, 668, 668, 668, 669, 671])
	4 thread(s): (498.8, [486, 493, 500, 504, 511], [486, 493, 500, 504, 511, 516, 516, 519, 524, 525])
Size: 100, 
	Serial: (5079.6, [5073, 5075, 5076, 5086, 5088], [5073, 5075, 5076, 5086, 5088, 5089, 5096, 5103, 5105, 5121])
	4 thread(s): (2097.6, [2081, 2090, 2095, 2110, 2112], [2081, 2090, 2095, 2110, 2112, 2123, 2128, 2135, 2146, 2154])
	8 thread(s): (1665.2, [1642, 1657, 1670, 1675, 1682], [1642, 1657, 1670, 1675, 1682, 1684, 1693, 1697, 1698, 1700])
Size: 300, 
	Serial: (136315.6, [136141, 136320, 136344, 136382, 136391], [136141, 136320, 136344, 136382, 136391, 136403, 136525, 136732, 137459, 137463])
	4 thread(s): (47586.2, [47544, 47570, 47592, 47611, 47614], [47544, 47570, 47592, 47611, 47614, 47652, 47653, 47710, 47714, 47721])
	8 thread(s): (25344.2, [25222, 25242, 25312, 25403, 25542], [25222, 25242, 25312, 25403, 25542, 29715, 29724, 29728, 29850, 29852])
Size: 500, 
	Serial: (628715.0, [628506, 628601, 628747, 628748, 628973], [628506, 628601, 628747, 628748, 628973, 629058, 629128, 629163, 629277, 629280])
	4 thread(s): (215236.6, [215092, 215214, 215252, 215275, 215350], [215092, 215214, 215252, 215275, 215350, 215453, 215466, 216564, 409622, 435837])
	8 thread(s): (137280.8, [137249, 137259, 137268, 137298, 137330], [137249, 137259, 137268, 137298, 137330, 137403, 137421, 137669, 137712, 137839])
Size: 750, 
	Serial: (2098148.0, [2097161, 2097528, 2098016, 2098926, 2099109], [2097161, 2097528, 2098016, 2098926, 2099109, 2099987, 2101094, 2101368, 2102441, 2102578])
	4 thread(s): (719225.8, [717861, 719263, 719411, 719796, 719798], [717861, 719263, 719411, 719796, 719798, 719801, 719860, 720067, 720237, 720290])
	8 thread(s): (450194.6, [448772, 449330, 449779, 451424, 451668], [448772, 449330, 449779, 451424, 451668, 451931, 452627, 452949, 452974, 455277])
Size: 1000, 
	Serial: (4951027.6, [4949586, 4949706, 4950652, 4951975, 4953219], [4949586, 4949706, 4950652, 4951975, 4953219, 4953240, 4953729, 4954044, 4954051, 4954135])
	4 thread(s): (1705210.8, [1703853, 1704124, 1705083, 1705683, 1707311], [1703853, 1704124, 1705083, 1705683, 1707311, 1707498, 1707616, 1707635, 1707926, 1708795])
	8 thread(s): (864214.2, [860257, 861983, 862253, 866971, 869607], [860257, 861983, 862253, 866971, 869607, 877948, 878573, 880299, 880901, 882209])
	16 thread(s): (557643.2, [552077, 554440, 559093, 560775, 561831], [552077, 554440, 559093, 560775, 561831, 564539, 568412, 576001, 598515, 603116])
	24 thread(s): (457701.0, [409024, 428039, 432904, 489184, 529354], [409024, 428039, 432904, 489184, 529354, 536526, 538254, 540910, 542581, 552146])
