Size: 200,
        Serial: 29423.8          [28473, 29924, 29705, 30003, 29014]
        4 processes: 17609.8     [18473, 17597, 17343, 17132, 17504]
        6 processes: 19041.8     [17380, 22780, 17230, 17988, 19831]
        8 processes: 26662.4     [29515, 32622, 25353, 25632, 20190]
        12 processes: 28417.2    [24198, 25741, 28578, 35826, 27743]
        16 processes: 82123.0    [33097, 39344, 257519, 48730, 31925]
        24 processes: 175107.2   [672422, 53800, 47388, 52078, 49848]
        32 processes: 172977.6   [657613, 60494, 51473, 43500, 51808]
        36 processes: 79216.6    [76085, 79731, 76976, 83148, 80143]
        80 processes: 137814.2   [119453, 147873, 127650, 129154, 164941]
Size: 100,
        Serial: 3761.8   [3766, 3758, 3768, 3760, 3757]
        16 processes: 188165.0   [243532, 45938, 215236, 216363, 219756]
Size: 200,
        Serial: 30008.0          [30109, 30275, 30213, 30046, 29397]
        16 processes: 155826.6   [32268, 32299, 232892, 437257, 44417]
Size: 500,
        Serial: 468266.8         [467017, 466930, 467530, 469331, 470526]
        16 processes: 186237.6   [104235, 105470, 110312, 506447, 104724]
Size: 1000,
        Serial: 3736345.6        [3728812, 3721044, 3718084, 3721849, 3791939]
        16 processes: 408370.6   [412375, 410368, 408166, 405587, 405357]
Size: 2000,
        Serial: 30670404.6       [30758200, 30709758, 30608500, 30643640, 30631925]
        16 processes: 6805744.4          [6367071, 7831155, 6581220, 6655996, 6593280]
Size: 5000,
***Stuck for Serial for >10 minutes, executed script only for Distributed***
        16 processes: 49300052.2          [45439156, 50068629, 48778656, 52096940, 50116880]
