Size: 200, 
	Serial: 24920.4 	 [24920, 25030, 24963, 24915, 24774]
	2 processes: 21705.6 	 [21718, 21741, 21640, 21704, 21725]
	4 processes: 12728.4 	 [12724, 12680, 12776, 12797, 12665]
	6 processes: 10855.0 	 [10853, 10897, 10818, 10843, 10864]
	8 processes: 8970.8 	 [8964, 8939, 8974, 8970, 9007]
	10 processes: 11242.2 	 [11134, 10758, 10735, 11650, 11934]
	12 processes: 14493.4 	 [16566, 15450, 12776, 14777, 12898]
	14 processes: 14864.2 	 [16013, 15541, 12464, 13875, 16428]
	16 processes: 16372.2 	 [17592, 13801, 17549, 15366, 17553]
	18 processes: 17369.8 	 [17820, 14591, 18930, 18662, 16846]
	20 processes: 17644.6 	 [19898, 16582, 16047, 19303, 16393]
Size: 100, 
	Serial: 3186.2 	 [3146, 3167, 3303, 3166, 3149]
	20 processes: 7360.0 	 [8468, 7184, 7043, 6698, 7407]
Size: 200, 
	Serial: 24856.4 	 [24917, 24836, 24815, 24820, 24894]
	20 processes: 18609.0 	 [14894, 19073, 17982, 20435, 20661]
Size: 500, 
	Serial: 388943.4 	 [390113, 386973, 390458, 387127, 390046]
	20 processes: 90749.8 	 [91163, 87578, 89978, 96751, 88279]
Size: 1000, 
	Serial: 3086064.2 	 [3083270, 3082699, 3067312, 3105288, 3091752]
	20 processes: 419375.6 	 [417164, 420559, 420071, 431921, 407163]

Manually done
Size: 2000, 
	Serial: 25293960.0 	 [25293960]
	20 processes: 2439479.0 	 [2439479]
Size: 5000, 
	20 processes: 42079298.6 	 [43506956, 43573933, 41382255, 41026326, 40907023]